   1.8911277    
  0.10882033    
   1.5584019    
  8.94480869E-02
  7.12301861E-03
  9.61973146E-02
  0.15116362    
  7.58017004E-02
  0.31721178    
  0.32017028    
   1.8483931    
  0.11257805    
  0.17640398    
  2.72323322E-02
  0.10608827    
  5.04107913E-03
   1.9991263    
   1.7414492    
   1.8245840    
  8.32409039E-03
  0.18481193    
  0.22886355    
  0.21524359    
   1.9518054    
   1.8644938    
  0.59011883    
  0.45027363    
  3.64171388E-03
  4.35105488E-02
   1.5427070    
   1.8485789    
   1.9467529    
   1.9384609    
  0.14078519    
  0.52695841    
   1.1182774    
  8.13066438E-02
  0.57544148    
  0.21178691    
   1.7623239    
  0.56055719    
  0.19504246    
   1.8720211    
  0.15418389    
   1.7420808    
   1.4376853    
  0.50860757    
  0.23987496    
  0.29871023    
  8.56528729E-02
   1.3677715    
   1.9297843    
  0.75984722    
  0.10088240    
   1.5727549    
   1.9681005    
   1.6515514    
   1.9673296    
  0.33312559    
  0.32476038    
   1.6473074    
   1.8590920    
   1.1142452    
   1.9748931    
   1.8788087    
  0.43374237    
   1.5283161    
  0.32422444    
  0.15541108    
   1.6682397    
  0.24529089    
  6.22925907E-02
  1.36752930E-02
  0.15820631    
   1.8620059    
  7.20219463E-02
   1.7069069    
   1.6794631    
   1.5631833    
  7.21098557E-02
   1.9182407    
  0.24207877    
  0.11787917    
   1.7721310    
  0.71588451    
  0.41931596    
   1.9842011    
  4.43795510E-02
  3.64962267E-04
   1.6583717    
  0.23307408    
   1.9208603    
  9.89676788E-02
   1.8506124    
  6.76789582E-02
  0.30425942    
  0.35698694    
  0.47027218    
   1.8032296    
  0.22676869    
  2.69545778E-03
  7.46964440E-02
   1.8293923    
  0.44382489    
  0.26213092    
   1.9396100    
   1.9470952    
  0.15419197    
  0.48412997    
  0.33734319    
   1.4431916    
   1.5307333    
  0.14128050    
   1.9159949    
   1.7782356    
   1.8398653    
  9.06793326E-02
   1.6980475    
   1.6502227    
  1.36216413E-02
  0.54837608    
   1.9812279    
   1.8556510    
  0.16668439    
   1.9543207    
  0.21588425    
  0.22171089    
   1.7127291    
   1.8181225    
   1.9523219    
  0.13267685    
   1.7348433    
  0.22176088    
   1.2056819    
  0.83313555    
  0.35826224    
   1.7081302    
  0.47758746    
   1.4178822    
  7.28520155E-02
   1.9158982    
   1.9577333    
   1.9628308    
   1.8832963    
  0.24380569    
   1.6874399    
  0.43788505    
  0.43917346    
   1.8447821    
   1.3804103    
  0.31488562    
  0.51703668    
  4.19693291E-02
   1.7373729    
  3.26104537E-02
  0.75478268    
  0.18128525    
   1.6775306    
   1.6626003    
   1.9824141    
  1.54320002E-02
   1.6482143    
   1.5259888    
   1.8096895    
   1.9187970    
   1.9950266    
  0.15252598    
  0.16360967    
  0.52406120    
   1.2655178    
   1.7820165    
   1.5424861    
  0.43829617    
   1.4962050    
   1.9572239    
   1.5517548    
  0.49373025    
   1.6987760    
  8.98861811E-02
   1.8302341    
   1.7244363    
   1.9091390    
  0.35513225    
   1.5307407    
  5.38724735E-02
  0.60428506    
   1.5026217    
  0.18630423    
  4.48605753E-02
   1.7870575    
   1.8139191    
  0.15496735    
  0.10747012    
  0.22502556    
  2.91025825E-02
   1.7399778    
  2.45826077E-02
   1.9902384    
   1.9779663    
   1.6536711    
   1.5286149    
  0.75218928    
   1.7459270    
  0.59963310    
   1.5818090    
  0.28530812    
   1.3359081    
   1.9630160    
  0.15852627    
   1.7590793    
  0.20370357    
  3.50154303E-02
   1.8316599    
   1.8356199    
   1.5753373    
  0.17704439    
   1.3613834    
   1.9654936    
  0.46860608    
  7.44754896E-02
  1.54347373E-02
  7.93883353E-02
  0.45998707    
  0.24745110    
  8.39921162E-02
   1.9294088    
   1.7021037    
  2.93765422E-02
   1.8948174    
   1.8184565    
   1.9441715    
   1.9409064    
  5.29722348E-02
   1.6076295    
  4.89246324E-02
  0.10280664    
   1.9701093    
  7.85569847E-02
   1.3652160    
  0.25104049    
  0.12102972    
   1.9674097    
  0.40997744    
   1.8808897    
   1.8536497    
  0.57830626    
  0.18856896    
  0.47454426    
   1.8730640    
  6.03610240E-02
   1.9708961    
  0.18967956    
  0.25021964    
   1.9721541    
   1.8390489    
  0.28252554    
  0.41768914    
  0.12269999    
   1.8649229    
   1.5134203    
   1.9586742    
  7.10324720E-02
  0.23558393    
   1.7911510    
  0.11480951    
  0.13479571    
  8.64378810E-02
   1.9138492    
  0.65492553    
   1.9516395    
   1.5148506    
   1.1361816    
   1.6928478    
  0.17260534    
  0.82407635    
   1.6517717    
  6.22809939E-02
   1.8733732    
  0.40918592    
   1.7887980    
  0.38909668    
  0.21396914    
  7.37105906E-02
  0.13380510    
   1.3752439    
   1.5780883    
   1.4005727    
   1.2329931    
  2.11162660E-02
   1.8771843    
   1.6911579    
   1.8632360    
  4.72828820E-02
   1.3621033    
  0.60317439    
  0.35255840    
   1.5288185    
   1.5309041    
   1.9223906    
  5.53418994E-02
  0.11278079    
   1.9269736    
   1.7370346    
   1.5697628    
   1.6018276    
  0.18276714    
   1.8311195    
  0.22559489    
   1.9117481    
   1.9949130    
  0.16342731    
